Tempo final encontrar solucos: [0.22721576690673828, 0.39221954345703125, 0.6217763423919678, 0.944983959197998, 1.4217870235443115, 1.839165449142456, 2.3603038787841797, 2.8623123168945312, 3.339963912963867, 3.8852896690368652, 4.557690620422363, 5.255352973937988] segundos

[50, 150, 5.35698, 0.0, 22.119765, 5356980.0, 0.0, 22119765.0, 1, 50]
[100, 100, 1.42671, 0.0, 3.695918, 1426710.0, 0.0, 3695918.0, 2, 100]
[148, 52, 1.907435, 0.0, 4.571958, 1907435.0, 0.0, 4571958.0, 3, 148]
[183, 17, 2.03749, 0.0, 4.406638, 2037490.0, 0.0, 4406638.0, 4, 183]
[200, 0, 2.313779, 576750.0, 3.736992, 2313779.0, 576750.0, 3736992.0, 5, 200]
[200, 0, 2.42201, 873458.0, 3.404623, 2422010.0, 873458.0, 3404623.0, 6, 200]
[200, 0, 2.42147, 907599.0, 3.784935, 2421470.0, 907599.0, 3784935.0, 7, 200]
[200, 0, 2.410796, 930710.0, 3.732977, 2410796.0, 930710.0, 3732977.0, 8, 200]
[200, 0, 2.480552, 1839040.0, 3.715305, 2480552.0, 1839040.0, 3715305.0, 9, 200]
[200, 0, 2.474739, 1855681.0, 3.658627, 2474739.0, 1855681.0, 3658627.0, 10, 200]
[200, 0, 2.495349, 1839067.0, 4.065702, 2495349.0, 1839067.0, 4065702.0, 11, 200]
[200, 0, 2.493739, 1794494.0, 3.982454, 2493739.0, 1794494.0, 3982454.0, 12, 200]


